# Element positions: east, north (metres) from the station centre
-15.4363, -15.4036
-10.2971, -15.4225
-5.1232, -15.4666
0.0024, -15.4667
5.1564, -15.4588
10.2813, -15.4364
15.4485, -15.4550
-15.4329, -10.2913
-10.2755, -10.2636
-5.1750, -10.2908
-0.0354, -10.2823
5.1883, -10.3194
10.3240, -10.2866
15.4575, -10.3440
-15.4711, -5.1578
-10.2989, -5.1477
-5.1340, -5.1476
-0.0038, -5.1699
5.1346, -5.1541
10.3444, -5.1575
15.4483, -5.1304
-15.4342, 0.0123
-10.2983, 0.0322
-5.1617, 0.0281
0.0309, 0.0052
5.1392, -0.0126
10.3053, -0.0396
15.4756, -0.0172
-15.4746, 5.1599
-10.2987, 5.1326
-5.1239, 5.1265
-0.0116, 5.1183
5.1847, 5.1616
10.2712, 5.1600
15.4377, 5.1330
-15.4535, 10.2607
-10.2962, 10.2999
-5.1203, 10.2824
-0.0280, 10.2808
5.1382, 10.3166
10.3444, 10.3116
15.4585, 10.2774
-15.4783, 15.4258
-10.2869, 15.4725
-5.1545, 15.4239
0.0152, 15.4478
5.1351, 15.4186
10.2633, 15.4801
