# Element positions: east, north (metres) from the station centre
-15.4731, -15.4652
-10.2995, -15.4653
-5.1149, -15.4366
-0.0147, -15.4165
5.1771, -15.4576
10.3313, -15.4263
15.4400, -15.4612
-15.4438, -10.2770
-10.2686, -10.2699
-5.1597, -10.3357
-0.0338, -10.2698
5.1711, -10.2763
10.3000, -10.2983
15.4597, -10.2908
-15.4484, -5.1694
-10.3274, -5.1469
-5.1532, -5.1216
-0.0213, -5.1897
5.1107, -5.1507
10.3335, -5.1569
15.4360, -5.1424
-15.4192, 0.0217
-10.2824, 0.0186
-5.1558, 0.0017
0.0083, 0.0363
5.1059, -0.0109
10.3074, -0.0049
15.4474, -0.0053
-15.4691, 5.1601
-10.2741, 5.1428
-5.1412, 5.1722
-0.0131, 5.1482
5.1239, 5.1816
10.3344, 5.1460
15.4900, 5.1671
-15.4866, 10.3098
-10.2950, 10.3101
-5.1363, 10.2909
0.0227, 10.3063
5.1879, 10.2977
10.2499, 10.3382
15.4611, 10.2632
-15.4622, 15.4341
-10.2813, 15.4374
-5.1268, 15.4399
0.0192, 15.4378
5.1261, 15.4618
10.2953, 15.4604
