# Element positions: east, north (metres) from the station centre
-15.4661, -15.4219
-10.2659, -15.4272
-5.1729, -15.4360
0.0069, -15.4481
5.1474, -15.4549
10.2887, -15.4631
15.4345, -15.4026
-15.4388, -10.3130
-10.3125, -10.2889
-5.1139, -10.2661
-0.0185, -10.3257
5.1379, -10.2937
10.2898, -10.3110
15.4912, -10.3249
-15.4364, -5.1528
-10.3114, -5.1118
-5.1750, -5.1444
-0.0031, -5.1634
5.1419, -5.1481
10.3516, -5.1399
15.4451, -5.1775
-15.4453, 0.0161
-10.2441, -0.0309
-5.1783, -0.0354
-0.0304, 0.0237
5.1480, -0.0140
10.3030, -0.0016
15.4473, 0.0232
-15.4328, 5.1429
-10.2753, 5.1703
-5.1549, 5.1411
-0.0074, 5.1316
5.1082, 5.1726
10.3272, 5.1022
15.4441, 5.1311
-15.4577, 10.3079
-10.2782, 10.3099
-5.1358, 10.3223
0.0056, 10.3230
5.1679, 10.2866
10.3151, 10.2923
15.4708, 10.3235
-15.4772, 15.4620
-10.3188, 15.4398
-5.1592, 15.4606
0.0135, 15.4493
5.1090, 15.4602
10.3230, 15.3979
