# Element positions: east, north (metres) from the station centre
-15.4288, -15.4425
-10.2797, -15.4595
-5.1620, -15.4506
-0.0204, -15.4554
5.1751, -15.4713
10.2888, -15.4484
15.4824, -15.4077
-15.4609, -10.3092
-10.2948, -10.3129
-5.1893, -10.2883
0.0074, -10.2944
5.1609, -10.2963
10.2876, -10.2875
15.4494, -10.2967
-15.4716, -5.1482
-10.3010, -5.1670
-5.1651, -5.1585
0.0002, -5.1624
5.1283, -5.1485
10.2760, -5.1436
15.4330, -5.1539
-15.4279, -0.0440
-10.3265, -0.0103
-5.1529, -0.0173
-0.0186, -0.0122
5.1301, 0.0020
10.2863, -0.0032
15.4508, 0.0133
-15.4624, 5.1416
-10.2917, 5.1074
-5.1489, 5.1322
0.0172, 5.1435
5.1326, 5.1706
10.2891, 5.1326
15.4590, 5.1118
-15.4534, 10.3138
-10.3248, 10.3186
-5.1560, 10.2891
-0.0330, 10.3277
5.1764, 10.2932
10.3072, 10.2624
15.4513, 10.3073
-15.4651, 15.4373
-10.3041, 15.4338
-5.1833, 15.4647
0.0171, 15.4613
5.1641, 15.4703
10.2936, 15.3913
