# Element positions: east, north (metres) from the station centre
-15.4724, -15.4340
-10.2997, -15.4476
-5.1732, -15.4542
-0.0128, -15.4673
5.1374, -15.4799
10.3017, -15.4267
15.4358, -15.4481
-15.4718, -10.2866
-10.2627, -10.3247
-5.1546, -10.2715
0.0074, -10.2977
5.1091, -10.3030
10.3184, -10.2713
15.4628, -10.3116
-15.4637, -5.1864
-10.3215, -5.1276
-5.1523, -5.1768
0.0264, -5.1835
5.1752, -5.1565
10.3068, -5.1364
15.4552, -5.1246
-15.4497, -0.0065
-10.3132, -0.0289
-5.1639, 0.0196
0.0165, 0.0278
5.2046, 0.0143
10.3100, -0.0263
15.4451, 0.0439
-15.4394, 5.1472
-10.2938, 5.1121
-5.1667, 5.1238
-0.0428, 5.1654
5.1693, 5.1465
10.3069, 5.1299
15.4591, 5.1653
-15.4193, 10.3312
-10.2902, 10.2975
-5.1665, 10.2879
0.0123, 10.3113
5.1504, 10.3333
10.3130, 10.3003
15.4462, 10.3015
-15.4690, 15.4304
-10.2930, 15.4383
-5.1554, 15.4744
-0.0039, 15.4763
5.1498, 15.4803
10.3093, 15.4148
