# Element positions: east, north (metres) from the station centre
-15.4474, -15.4522
-10.2880, -15.4863
-5.1242, -15.4434
-0.0123, -15.4480
5.1608, -15.4735
10.3179, -15.4932
15.4790, -15.4555
-15.4449, -10.3052
-10.3119, -10.2807
-5.1691, -10.3015
0.0108, -10.3241
5.1623, -10.3178
10.3175, -10.3067
15.4758, -10.3011
-15.4700, -5.1306
-10.2761, -5.1311
-5.1793, -5.1712
0.0185, -5.1404
5.1439, -5.1537
10.3034, -5.1928
15.4261, -5.1741
-15.4293, -0.0075
-10.3417, -0.0031
-5.1571, -0.0144
-0.0289, -0.0182
5.1559, -0.0088
10.3152, 0.0265
15.4431, -0.0316
-15.4696, 5.1513
-10.2851, 5.1462
-5.1510, 5.1544
0.0242, 5.1642
5.1427, 5.1380
10.2992, 5.1378
15.4303, 5.1705
-15.4462, 10.2784
-10.2919, 10.2789
-5.1695, 10.2675
-0.0237, 10.2901
5.1548, 10.2978
10.3054, 10.3006
15.4407, 10.3230
-15.4723, 15.4296
-10.2595, 15.4543
-5.1459, 15.5022
-0.0219, 15.4818
5.1490, 15.4458
10.2800, 15.4485
