# Element positions: east, north (metres) from the station centre
-15.4412, -15.4725
-10.3195, -15.4579
-5.1121, -15.4360
-0.0121, -15.4557
5.1270, -15.4507
10.2885, -15.4356
15.4229, -15.4567
-15.4668, -10.3144
-10.2858, -10.2975
-5.1383, -10.2762
0.0230, -10.3274
5.1607, -10.3352
10.2987, -10.2616
15.4461, -10.3074
-15.4466, -5.1496
-10.2995, -5.1651
-5.1284, -5.1322
-0.0042, -5.1437
5.1632, -5.1294
10.3079, -5.1361
15.4447, -5.1714
-15.4599, 0.0204
-10.2804, 0.0029
-5.1613, 0.0062
0.0333, 0.0271
5.1363, -0.0009
10.2710, -0.0227
15.4538, 0.0005
-15.4307, 5.1754
-10.2833, 5.1764
-5.1609, 5.1274
0.0100, 5.2036
5.1571, 5.1270
10.3048, 5.1785
15.4293, 5.1661
-15.4622, 10.3255
-10.2843, 10.3061
-5.1100, 10.2918
-0.0137, 10.3371
5.1325, 10.3440
10.2992, 10.2793
15.4500, 10.3026
-15.4460, 15.4462
-10.2784, 15.4036
-5.1611, 15.4448
0.0364, 15.4101
5.1432, 15.4271
10.2867, 15.4628
