# Element positions: east, north (metres) from the station centre
-15.4617, -15.4615
-10.2950, -15.4554
-5.1296, -15.4577
-0.0176, -15.4886
5.1132, -15.4544
10.3126, -15.4702
15.4628, -15.4580
-15.4327, -10.2738
-10.2907, -10.3184
-5.1292, -10.2960
0.0012, -10.2924
5.1638, -10.2766
10.2741, -10.2755
15.4551, -10.2733
-15.4519, -5.1338
-10.2806, -5.1234
-5.1559, -5.1208
-0.0096, -5.1735
5.1341, -5.1758
10.3282, -5.1302
15.4135, -5.1542
-15.4447, 0.0044
-10.3104, -0.0136
-5.1330, -0.0016
-0.0175, 0.0055
5.1371, -0.0050
10.3155, -0.0039
15.5006, -0.0281
-15.4694, 5.1813
-10.2957, 5.1467
-5.1307, 5.1464
-0.0191, 5.1806
5.1523, 5.1541
10.3037, 5.1493
15.4332, 5.1302
-15.4828, 10.3180
-10.2982, 10.2959
-5.1792, 10.2733
-0.0079, 10.3066
5.1467, 10.2984
10.2825, 10.3157
15.4558, 10.3259
-15.4394, 15.4300
-10.3125, 15.4466
-5.1274, 15.4512
-0.0001, 15.4783
5.1677, 15.4630
10.2652, 15.4464
