# Element positions: east, north (metres) from the station centre
-15.4596, -15.4441
-10.2904, -15.4325
-5.1057, -15.4536
0.0238, -15.4674
5.1213, -15.4506
10.2607, -15.4805
15.4344, -15.4376
-15.4547, -10.3358
-10.3008, -10.3118
-5.1606, -10.3118
-0.0023, -10.2848
5.1601, -10.2994
10.2832, -10.3314
15.4879, -10.2699
-15.4841, -5.1426
-10.2921, -5.1479
-5.1464, -5.1583
0.0285, -5.1432
5.1699, -5.1444
10.3039, -5.1590
15.4741, -5.1867
-15.4227, -0.0043
-10.2949, -0.0106
-5.1865, -0.0183
0.0081, -0.0092
5.1596, -0.0177
10.2644, -0.0028
15.4413, -0.0155
-15.4215, 5.1137
-10.2977, 5.1440
-5.1239, 5.1525
0.0069, 5.1550
5.1543, 5.1455
10.2967, 5.1667
15.4941, 5.1301
-15.4452, 10.2784
-10.2618, 10.3346
-5.1452, 10.3282
0.0043, 10.2765
5.1856, 10.2688
10.2791, 10.3234
15.4676, 10.3119
-15.4575, 15.4358
-10.3236, 15.4741
-5.1390, 15.4939
0.0090, 15.4610
5.1391, 15.4405
10.3101, 15.4341
