# Element positions: east, north (metres) from the station centre
-15.4409, -15.4474
-10.2938, -15.4655
-5.1784, -15.4433
-0.0360, -15.4323
5.1654, -15.4474
10.3143, -15.4441
15.4548, -15.4504
-15.4635, -10.3038
-10.3007, -10.3119
-5.1509, -10.3242
0.0079, -10.3019
5.1066, -10.3065
10.2791, -10.3028
15.4833, -10.3174
-15.4460, -5.1700
-10.3076, -5.1356
-5.1421, -5.1513
0.0187, -5.1288
5.1913, -5.1872
10.2692, -5.1751
15.4342, -5.1318
-15.4485, -0.0123
-10.3062, -0.0201
-5.1320, 0.0053
-0.0020, -0.0358
5.1372, -0.0294
10.2882, 0.0126
15.4327, 0.0128
-15.4692, 5.1870
-10.3035, 5.1391
-5.1347, 5.1669
-0.0201, 5.1267
5.1264, 5.1616
10.2868, 5.1397
15.4563, 5.1327
-15.4424, 10.3082
-10.3135, 10.2818
-5.1270, 10.2661
0.0038, 10.3346
5.1394, 10.2765
10.3122, 10.2997
15.4320, 10.3099
-15.4534, 15.4775
-10.2859, 15.4320
-5.1364, 15.4576
-0.0042, 15.4282
5.1647, 15.4543
10.2827, 15.4467
