# Element positions: east, north (metres) from the station centre
-15.4515, -15.4640
-10.2845, -15.4296
-5.1846, -15.4815
0.0231, -15.4329
5.1688, -15.4314
10.2871, -15.4663
15.4337, -15.4373
-15.4329, -10.3350
-10.3315, -10.2900
-5.1698, -10.2915
-0.0197, -10.3191
5.1280, -10.2939
10.3116, -10.3137
15.4423, -10.3079
-15.4441, -5.1508
-10.2977, -5.1619
-5.1510, -5.1516
-0.0027, -5.1449
5.1255, -5.1369
10.3251, -5.1473
15.4169, -5.1265
-15.4537, 0.0029
-10.2975, 0.0407
-5.1698, 0.0017
-0.0064, 0.0152
5.1666, 0.0198
10.3070, 0.0085
15.4590, 0.0117
-15.4395, 5.1418
-10.2520, 5.1594
-5.2028, 5.1534
0.0053, 5.1281
5.1494, 5.1503
10.2871, 5.1571
15.4214, 5.1772
-15.4850, 10.2675
-10.2954, 10.2611
-5.1314, 10.3152
0.0152, 10.2689
5.1589, 10.2808
10.3167, 10.3176
15.4191, 10.2860
-15.4787, 15.4816
-10.2763, 15.4268
-5.1520, 15.3895
0.0156, 15.4601
5.1304, 15.4575
10.2904, 15.4308
