# Element positions: east, north (metres) from the station centre
-15.4196, -15.4427
-10.2941, -15.4500
-5.1416, -15.4430
-0.0187, -15.4510
5.1425, -15.3931
10.3245, -15.4658
15.4619, -15.4851
-15.4489, -10.2637
-10.2984, -10.2743
-5.1574, -10.2908
0.0075, -10.3439
5.1340, -10.2621
10.2834, -10.2759
15.4844, -10.3009
-15.4299, -5.1427
-10.3119, -5.1383
-5.1413, -5.1697
-0.0089, -5.1770
5.1433, -5.1508
10.2804, -5.1873
15.4635, -5.1247
-15.4682, 0.0014
-10.3134, -0.0527
-5.1077, 0.0058
-0.0281, 0.0254
5.1645, 0.0283
10.3147, 0.0106
15.4787, -0.0055
-15.4452, 5.1283
-10.3229, 5.1542
-5.1454, 5.1183
0.0075, 5.1702
5.1249, 5.1432
10.3343, 5.1330
15.4614, 5.1657
-15.4464, 10.3029
-10.2887, 10.3057
-5.1470, 10.2705
0.0049, 10.2842
5.1799, 10.3444
10.3223, 10.2570
15.4700, 10.3024
-15.4718, 15.4257
-10.2788, 15.4370
-5.1516, 15.4513
0.0188, 15.3965
5.1746, 15.4338
10.2919, 15.4624
