# Element positions: east, north (metres) from the station centre
-15.4427, -15.4962
-10.2880, -15.4531
-5.1706, -15.4623
-0.0319, -15.4343
5.1795, -15.4626
10.2906, -15.4792
15.4359, -15.4704
-15.4495, -10.2652
-10.2789, -10.2804
-5.1694, -10.2833
-0.0144, -10.3177
5.1646, -10.3020
10.3497, -10.2962
15.4439, -10.2851
-15.4732, -5.1364
-10.2688, -5.1527
-5.1603, -5.1275
-0.0224, -5.1425
5.1395, -5.1440
10.2843, -5.1379
15.4612, -5.1149
-15.4573, 0.0088
-10.3353, -0.0157
-5.1447, -0.0274
-0.0022, -0.0180
5.1596, 0.0120
10.2905, 0.0131
15.4389, 0.0023
-15.4396, 5.1611
-10.2881, 5.1840
-5.1629, 5.1469
-0.0366, 5.1674
5.1275, 5.1381
10.2898, 5.1583
15.4443, 5.1443
-15.4484, 10.2933
-10.3005, 10.2804
-5.1610, 10.2756
0.0171, 10.3180
5.1633, 10.3067
10.2879, 10.3111
15.4190, 10.2500
-15.4738, 15.4799
-10.2951, 15.4811
-5.1643, 15.4702
0.0318, 15.4698
5.1557, 15.4716
10.2909, 15.4853
