# Element positions: east, north (metres) from the station centre
-15.4103, -15.4365
-10.2746, -15.4132
-5.1341, -15.4889
0.0074, -15.4538
5.1327, -15.4295
10.2856, -15.4244
15.4593, -15.4598
-15.4667, -10.2631
-10.3040, -10.2928
-5.1503, -10.3167
-0.0064, -10.3037
5.1163, -10.3146
10.2821, -10.2935
15.4530, -10.3242
-15.4622, -5.1481
-10.3162, -5.1839
-5.1328, -5.1500
-0.0066, -5.1593
5.1568, -5.1583
10.3008, -5.1279
15.4781, -5.1169
-15.4699, -0.0008
-10.3255, -0.0213
-5.1777, -0.0079
-0.0089, -0.0195
5.1481, 0.0102
10.2898, -0.0166
15.4653, -0.0046
-15.4456, 5.1289
-10.2888, 5.1665
-5.1708, 5.1285
-0.0082, 5.1617
5.1649, 5.1723
10.2816, 5.1111
15.4321, 5.1512
-15.4414, 10.2729
-10.3011, 10.2928
-5.1411, 10.2821
-0.0037, 10.2932
5.1549, 10.3000
10.3076, 10.3039
15.4662, 10.2807
-15.3820, 15.4777
-10.3275, 15.4628
-5.1598, 15.4340
0.0239, 15.4036
5.1342, 15.4600
10.2666, 15.4676
