# Element positions: east, north (metres) from the station centre
-15.4446, -15.4311
-10.2680, -15.4232
-5.1598, -15.4297
-0.0217, -15.4529
5.1602, -15.4555
10.2884, -15.4496
15.4790, -15.4384
-15.4666, -10.2717
-10.3055, -10.2996
-5.1459, -10.2977
-0.0181, -10.3093
5.1456, -10.2837
10.2636, -10.2834
15.4790, -10.3235
-15.4503, -5.1601
-10.3257, -5.1232
-5.1407, -5.1192
0.0285, -5.1268
5.1492, -5.1346
10.3094, -5.1521
15.4635, -5.1598
-15.4521, 0.0110
-10.2817, 0.0069
-5.1663, 0.0059
0.0421, 0.0018
5.1655, -0.0235
10.3075, 0.0086
15.4378, 0.0011
-15.4528, 5.1638
-10.2964, 5.1205
-5.1372, 5.1969
-0.0282, 5.1284
5.1394, 5.1304
10.2793, 5.1540
15.4934, 5.1699
-15.4538, 10.3056
-10.2844, 10.3120
-5.1552, 10.2770
-0.0212, 10.3380
5.1644, 10.3066
10.3168, 10.2850
15.4420, 10.3018
-15.4765, 15.4315
-10.2948, 15.4417
-5.1832, 15.4341
0.0069, 15.4445
5.1767, 15.4843
10.2845, 15.4642
