# Element positions: east, north (metres) from the station centre
-15.4433, -15.4115
-10.3094, -15.4586
-5.1483, -15.4415
0.0147, -15.4603
5.1442, -15.4416
10.3083, -15.4741
15.4600, -15.4158
-15.4846, -10.3080
-10.3058, -10.3204
-5.1762, -10.2668
0.0039, -10.2916
5.1693, -10.3237
10.3245, -10.3124
15.4713, -10.3001
-15.4227, -5.1385
-10.3002, -5.1300
-5.1620, -5.1369
-0.0269, -5.1528
5.1882, -5.1318
10.2812, -5.1233
15.4442, -5.1417
-15.4568, 0.0126
-10.3099, 0.0280
-5.1557, -0.0117
-0.0077, -0.0266
5.1638, 0.0224
10.3275, 0.0103
15.4474, 0.0266
-15.4211, 5.1381
-10.3243, 5.1407
-5.1497, 5.1725
0.0219, 5.1578
5.1732, 5.1453
10.2984, 5.1069
15.4403, 5.1458
-15.4262, 10.2985
-10.3065, 10.3031
-5.1565, 10.2618
-0.0125, 10.2974
5.1465, 10.2875
10.2915, 10.3121
15.4214, 10.2951
-15.4612, 15.4457
-10.2987, 15.4640
-5.2014, 15.4466
-0.0221, 15.4171
5.1538, 15.4524
10.2861, 15.4460
