# Element positions: east, north (metres) from the station centre
-15.4355, -15.4506
-10.3098, -15.4424
-5.1251, -15.4493
-0.0087, -15.4582
5.1574, -15.4621
10.3276, -15.4615
15.4711, -15.4539
-15.4356, -10.3232
-10.3045, -10.3201
-5.1659, -10.3011
-0.0237, -10.2611
5.1833, -10.2822
10.3000, -10.3119
15.4156, -10.2839
-15.4738, -5.1513
-10.3123, -5.1503
-5.1168, -5.1519
-0.0041, -5.1320
5.1394, -5.1890
10.2844, -5.1552
15.4341, -5.1306
-15.4264, -0.0204
-10.2994, 0.0040
-5.1586, -0.0131
0.0084, -0.0083
5.1859, -0.0008
10.2999, 0.0036
15.4542, -0.0087
-15.4386, 5.1661
-10.2958, 5.1579
-5.1778, 5.1411
0.0015, 5.1433
5.1715, 5.1572
10.2993, 5.1364
15.4420, 5.1445
-15.4173, 10.2758
-10.2817, 10.2923
-5.1180, 10.3183
-0.0173, 10.3067
5.1218, 10.3138
10.2971, 10.2788
15.4488, 10.3114
-15.4016, 15.4667
-10.2927, 15.4485
-5.1949, 15.4203
-0.0472, 15.4256
5.1695, 15.4752
10.3054, 15.4417
