# Element positions: east, north (metres) from the station centre
-15.4401, -15.4408
-10.3002, -15.4599
-5.1151, -15.4607
0.0031, -15.4339
5.1497, -15.4290
10.3000, -15.4449
15.4499, -15.4368
-15.4629, -10.2822
-10.2793, -10.3209
-5.1799, -10.3265
-0.0159, -10.2862
5.1513, -10.2624
10.3316, -10.3306
15.4422, -10.3060
-15.4179, -5.1343
-10.2815, -5.1663
-5.1094, -5.1721
0.0006, -5.1692
5.1321, -5.1450
10.2821, -5.1363
15.4604, -5.1489
-15.4373, 0.0225
-10.2782, -0.0228
-5.1369, 0.0179
-0.0075, -0.0077
5.1741, 0.0132
10.3026, 0.0287
15.4686, 0.0347
-15.4578, 5.1697
-10.3397, 5.1371
-5.1166, 5.1306
-0.0030, 5.1431
5.1596, 5.1728
10.3320, 5.1470
15.4567, 5.1675
-15.4268, 10.2944
-10.2729, 10.2712
-5.1444, 10.2725
-0.0092, 10.2842
5.1854, 10.3334
10.3156, 10.3032
15.4109, 10.2660
-15.4463, 15.4646
-10.2897, 15.4355
-5.1655, 15.4608
0.0454, 15.4646
5.1492, 15.4478
10.3088, 15.4562
