# Element positions: east, north (metres) from the station centre
-15.4262, -15.4552
-10.2996, -15.4633
-5.1839, -15.4442
-0.0105, -15.4267
5.1671, -15.4676
10.2694, -15.4547
15.4637, -15.4573
-15.4176, -10.3053
-10.3096, -10.2924
-5.1512, -10.2796
-0.0055, -10.3196
5.1578, -10.2973
10.3076, -10.3030
15.4863, -10.3254
-15.4725, -5.1688
-10.2770, -5.1803
-5.1577, -5.1826
0.0131, -5.1570
5.1218, -5.1321
10.2918, -5.1685
15.4562, -5.1501
-15.4457, 0.0105
-10.3251, 0.0400
-5.1157, -0.0018
-0.0404, 0.0220
5.1377, 0.0216
10.2962, -0.0181
15.4382, -0.0429
-15.4704, 5.1779
-10.2607, 5.1689
-5.1684, 5.1538
0.0085, 5.1477
5.1005, 5.1452
10.2888, 5.1609
15.4215, 5.1577
-15.4541, 10.3478
-10.2698, 10.2823
-5.1707, 10.2964
0.0016, 10.3185
5.1325, 10.3038
10.2970, 10.2996
15.4617, 10.2684
-15.4479, 15.4411
-10.3020, 15.4641
-5.1971, 15.4297
-0.0238, 15.4796
5.1789, 15.4572
10.2857, 15.4620
