# Element positions: east, north (metres) from the station centre
-15.4293, -15.4287
-10.3251, -15.4377
-5.1450, -15.4457
-0.0068, -15.4269
5.1543, -15.4370
10.3077, -15.4628
15.4268, -15.4168
-15.4156, -10.3005
-10.2784, -10.2737
-5.1198, -10.2807
-0.0023, -10.2861
5.1401, -10.2950
10.2814, -10.3323
15.4321, -10.3309
-15.4416, -5.1365
-10.2907, -5.1652
-5.1505, -5.1759
0.0084, -5.1386
5.1882, -5.1700
10.2970, -5.1520
15.4969, -5.1450
-15.4407, -0.0295
-10.3026, 0.0437
-5.1226, 0.0135
-0.0073, -0.0178
5.1550, -0.0120
10.3452, -0.0109
15.4405, 0.0152
-15.4449, 5.1324
-10.3260, 5.1338
-5.1185, 5.1387
-0.0030, 5.1684
5.1822, 5.1664
10.3080, 5.1382
15.4318, 5.1532
-15.4510, 10.3048
-10.3406, 10.2725
-5.1341, 10.3295
0.0036, 10.2755
5.1621, 10.2829
10.2946, 10.2948
15.4653, 10.3218
-15.4376, 15.4310
-10.2787, 15.4405
-5.1796, 15.4687
0.0378, 15.4294
5.1425, 15.4383
10.2908, 15.4738
