# Element positions: east, north (metres) from the station centre
-15.4557, -15.4299
-10.3219, -15.4537
-5.1448, -15.4558
0.0148, -15.4053
5.1284, -15.4674
10.2898, -15.4609
15.4392, -15.4416
-15.4151, -10.2507
-10.3016, -10.3411
-5.1188, -10.2997
-0.0083, -10.2780
5.1477, -10.3045
10.2825, -10.2816
15.4669, -10.3170
-15.4612, -5.1252
-10.3144, -5.1583
-5.1654, -5.1548
0.0172, -5.1488
5.1699, -5.1380
10.2596, -5.1503
15.4496, -5.1833
-15.4344, -0.0010
-10.3101, 0.0104
-5.1308, 0.0144
-0.0105, -0.0007
5.1990, -0.0259
10.3014, 0.0007
15.4800, 0.0123
-15.4456, 5.1441
-10.2752, 5.1514
-5.1519, 5.1534
0.0138, 5.1508
5.1552, 5.1659
10.2855, 5.1452
15.4514, 5.1637
-15.4388, 10.2904
-10.3206, 10.2925
-5.1600, 10.3178
0.0127, 10.3013
5.1284, 10.2739
10.3025, 10.3122
15.4575, 10.2949
-15.4386, 15.4106
-10.2771, 15.4801
-5.1465, 15.4548
-0.0041, 15.4679
5.1317, 15.4385
10.3080, 15.4215
