# Element positions: east, north (metres) from the station centre
-15.4449, -15.4506
-10.3005, -15.4247
-5.1160, -15.4480
0.0318, -15.4313
5.1739, -15.4446
10.3042, -15.4340
15.4308, -15.4488
-15.4727, -10.2817
-10.2957, -10.2881
-5.1567, -10.3154
0.0192, -10.3086
5.1457, -10.2993
10.3093, -10.2988
15.4292, -10.3210
-15.4297, -5.1563
-10.3048, -5.1677
-5.1313, -5.1406
-0.0108, -5.1845
5.1861, -5.1612
10.2767, -5.1598
15.4272, -5.1502
-15.4611, -0.0237
-10.2864, -0.0171
-5.1872, 0.0068
-0.0110, -0.0218
5.1166, -0.0141
10.2879, -0.0097
15.4399, 0.0253
-15.4288, 5.1563
-10.2887, 5.1409
-5.1791, 5.1607
0.0276, 5.1361
5.1362, 5.1360
10.2735, 5.1610
15.4283, 5.1775
-15.4167, 10.3017
-10.3009, 10.2829
-5.1319, 10.3017
-0.0298, 10.2813
5.1594, 10.2900
10.3088, 10.3050
15.4787, 10.2980
-15.4288, 15.4721
-10.2735, 15.4431
-5.1444, 15.5009
-0.0039, 15.4379
5.1524, 15.4264
10.2829, 15.4414
