# Element positions: east, north (metres) from the station centre
-15.4781, -15.4632
-10.2691, -15.4677
-5.1716, -15.4591
0.0253, -15.4479
5.1196, -15.4625
10.3135, -15.4270
15.4805, -15.4398
-15.4407, -10.3193
-10.3112, -10.3272
-5.1528, -10.2919
0.0009, -10.3188
5.1614, -10.2817
10.3247, -10.3431
15.4017, -10.3217
-15.4393, -5.1294
-10.2854, -5.1492
-5.1450, -5.1549
-0.0135, -5.1697
5.2134, -5.1550
10.3111, -5.1391
15.4679, -5.1510
-15.4314, 0.0399
-10.3127, -0.0115
-5.1699, -0.0071
-0.0245, 0.0066
5.1634, 0.0242
10.3257, -0.0074
15.4538, -0.0158
-15.4487, 5.1519
-10.2900, 5.1488
-5.1713, 5.1700
-0.0027, 5.1224
5.1159, 5.1636
10.2645, 5.1635
15.4802, 5.1607
-15.4338, 10.3114
-10.3119, 10.3044
-5.1872, 10.3123
0.0128, 10.3030
5.1716, 10.2967
10.2660, 10.3282
15.4520, 10.2878
-15.4603, 15.4427
-10.2959, 15.4248
-5.1478, 15.4430
0.0130, 15.4437
5.1627, 15.4325
10.3071, 15.4440
