# Element positions: east, north (metres) from the station centre
-15.4523, -15.4483
-10.3015, -15.4500
-5.1566, -15.4439
0.0162, -15.4237
5.1813, -15.4347
10.2879, -15.4759
15.4186, -15.4562
-15.4462, -10.2799
-10.2982, -10.2998
-5.1739, -10.2860
0.0373, -10.3082
5.1922, -10.2853
10.2836, -10.2874
15.4547, -10.2926
-15.4739, -5.1425
-10.2823, -5.1737
-5.1404, -5.1249
0.0065, -5.1636
5.1459, -5.1351
10.3111, -5.1520
15.4372, -5.1640
-15.4537, -0.0233
-10.2923, 0.0389
-5.1541, -0.0010
0.0024, 0.0119
5.1448, 0.0107
10.2832, -0.0217
15.4382, 0.0100
-15.4628, 5.1354
-10.2955, 5.1103
-5.1590, 5.1035
-0.0124, 5.1870
5.1172, 5.1721
10.2878, 5.1389
15.4425, 5.1887
-15.4614, 10.3012
-10.3097, 10.2947
-5.1356, 10.3058
0.0021, 10.2865
5.1538, 10.2957
10.2990, 10.3016
15.4395, 10.2744
-15.4421, 15.4141
-10.2824, 15.4385
-5.1683, 15.4704
-0.0131, 15.4512
5.1318, 15.4582
10.3063, 15.4447
