# Element positions: east, north (metres) from the station centre
-15.4732, -15.4396
-10.3296, -15.4342
-5.1840, -15.4842
0.0066, -15.4419
5.1427, -15.4233
10.2914, -15.4603
15.4464, -15.4233
-15.4534, -10.2625
-10.2726, -10.2783
-5.1319, -10.2740
0.0096, -10.3470
5.1536, -10.3026
10.2767, -10.3372
15.4528, -10.3218
-15.4500, -5.1664
-10.2933, -5.1693
-5.1453, -5.1509
-0.0092, -5.1552
5.1554, -5.2028
10.2617, -5.1481
15.4505, -5.1452
-15.4432, -0.0194
-10.2742, 0.0151
-5.1432, -0.0049
-0.0142, -0.0119
5.1575, 0.0021
10.3164, 0.0048
15.4412, 0.0232
-15.4783, 5.1232
-10.2924, 5.1404
-5.1784, 5.1206
0.0000, 5.1772
5.1783, 5.1479
10.2948, 5.1335
15.4877, 5.1482
-15.4575, 10.3152
-10.2771, 10.3007
-5.1255, 10.2750
0.0089, 10.3119
5.1582, 10.3132
10.3035, 10.3115
15.4081, 10.2855
-15.4330, 15.4279
-10.3177, 15.4900
-5.1486, 15.4555
0.0075, 15.4845
5.1447, 15.4336
10.3054, 15.4780
