# Element positions: east, north (metres) from the station centre
-15.4605, -15.4456
-10.2895, -15.4487
-5.1554, -15.4280
0.0074, -15.4488
5.1661, -15.5037
10.2796, -15.4405
15.4428, -15.4554
-15.4791, -10.3072
-10.2730, -10.3098
-5.1697, -10.3057
0.0207, -10.3128
5.1178, -10.2954
10.2931, -10.2972
15.4164, -10.3219
-15.4561, -5.1434
-10.2657, -5.1232
-5.1277, -5.1313
0.0204, -5.1375
5.1624, -5.1577
10.2903, -5.1243
15.4270, -5.1614
-15.4545, 0.0036
-10.3133, -0.0091
-5.1656, -0.0147
-0.0077, 0.0657
5.1268, 0.0479
10.2755, 0.0035
15.4485, 0.0123
-15.4560, 5.1288
-10.3109, 5.1435
-5.1793, 5.1482
0.0018, 5.1204
5.1239, 5.1657
10.2813, 5.1370
15.4383, 5.1375
-15.4396, 10.3044
-10.2584, 10.2928
-5.1428, 10.2863
0.0187, 10.2701
5.1336, 10.2956
10.3548, 10.3435
15.4890, 10.2997
-15.4805, 15.4608
-10.2789, 15.4367
-5.1113, 15.4887
-0.0333, 15.4420
5.1447, 15.4449
10.2970, 15.4507
