# Element positions: east, north (metres) from the station centre
-15.4369, -15.4678
-10.2938, -15.4343
-5.1508, -15.4520
0.0124, -15.4384
5.1752, -15.4716
10.3246, -15.4546
15.4272, -15.4611
-15.4747, -10.3040
-10.2793, -10.3450
-5.1736, -10.2846
-0.0060, -10.2841
5.1234, -10.3011
10.2479, -10.3169
15.4648, -10.2757
-15.4174, -5.1511
-10.3176, -5.1577
-5.1884, -5.1229
0.0236, -5.1682
5.1866, -5.1771
10.3112, -5.1662
15.4152, -5.1421
-15.4732, 0.0239
-10.3180, 0.0021
-5.1596, 0.0027
-0.0126, 0.0164
5.1622, 0.0014
10.2975, 0.0394
15.4361, -0.0088
-15.4346, 5.1498
-10.3327, 5.1472
-5.1577, 5.1301
0.0039, 5.1273
5.1450, 5.1273
10.3312, 5.1443
15.4588, 5.1557
-15.4359, 10.2970
-10.2849, 10.3025
-5.1989, 10.3062
-0.0258, 10.3190
5.1544, 10.2925
10.2495, 10.2572
15.4265, 10.2924
-15.4776, 15.4897
-10.2908, 15.4482
-5.1697, 15.4432
-0.0048, 15.4411
5.1484, 15.4661
10.2648, 15.4545
