# Element positions: east, north (metres) from the station centre
-15.4465, -15.4368
-10.2881, -15.4604
-5.1164, -15.4329
-0.0190, -15.4528
5.1174, -15.4524
10.3143, -15.4246
15.4416, -15.4858
-15.4534, -10.2728
-10.2971, -10.2745
-5.1334, -10.2688
0.0120, -10.3133
5.1589, -10.2493
10.2896, -10.3371
15.4921, -10.2918
-15.4625, -5.1621
-10.3308, -5.1359
-5.1471, -5.1627
-0.0085, -5.1586
5.1713, -5.1536
10.3276, -5.1668
15.4378, -5.1597
-15.4608, -0.0018
-10.2795, 0.0242
-5.1714, 0.0256
0.0019, 0.0318
5.1466, -0.0167
10.3158, 0.0125
15.4408, 0.0004
-15.4474, 5.1562
-10.3343, 5.1259
-5.1489, 5.1552
-0.0105, 5.1148
5.1769, 5.1438
10.2791, 5.1819
15.4726, 5.1708
-15.4333, 10.3114
-10.3195, 10.3006
-5.1429, 10.3127
0.0095, 10.2798
5.1379, 10.2934
10.2961, 10.2825
15.4135, 10.2757
-15.4439, 15.4498
-10.2884, 15.4123
-5.1583, 15.4678
-0.0392, 15.4283
5.1167, 15.4742
10.3006, 15.4385
