# Element positions: east, north (metres) from the station centre
-15.4047, -15.4774
-10.2905, -15.4518
-5.1440, -15.4229
0.0248, -15.4531
5.1388, -15.4773
10.2986, -15.4251
15.4447, -15.4359
-15.4358, -10.2921
-10.2783, -10.3023
-5.1666, -10.3234
0.0185, -10.3072
5.1438, -10.2833
10.2842, -10.2646
15.4633, -10.3105
-15.4627, -5.1284
-10.3237, -5.1628
-5.1499, -5.1459
0.0003, -5.1423
5.1427, -5.1524
10.3253, -5.1371
15.4410, -5.1157
-15.4898, 0.0017
-10.2866, 0.0194
-5.1478, -0.0077
0.0117, -0.0039
5.1595, -0.0571
10.3076, -0.0158
15.4688, 0.0150
-15.4354, 5.1419
-10.2913, 5.1432
-5.1457, 5.1473
-0.0174, 5.1895
5.1645, 5.1089
10.3179, 5.1221
15.4454, 5.1384
-15.4607, 10.3048
-10.3065, 10.2710
-5.1501, 10.3073
0.0354, 10.2917
5.1262, 10.2924
10.3131, 10.2823
15.4356, 10.3111
-15.4502, 15.4544
-10.3126, 15.4335
-5.1565, 15.4469
-0.0067, 15.4586
5.1609, 15.4610
10.3096, 15.4323
