# Element positions: east, north (metres) from the station centre
-15.4830, -15.4708
-10.3070, -15.4106
-5.1420, -15.4836
-0.0630, -15.4128
5.1567, -15.4753
10.3198, -15.4329
15.4930, -15.4461
-15.4599, -10.2836
-10.3270, -10.3090
-5.1700, -10.3114
-0.0258, -10.3290
5.1278, -10.2922
10.3006, -10.3015
15.4594, -10.2850
-15.4404, -5.1085
-10.2943, -5.1423
-5.1598, -5.1283
0.0286, -5.2094
5.1664, -5.1720
10.3070, -5.1483
15.4248, -5.1771
-15.4551, 0.0525
-10.3248, -0.0081
-5.1558, -0.0054
0.0225, 0.0412
5.1491, 0.0083
10.2935, 0.0315
15.4489, 0.0137
-15.4539, 5.1726
-10.3013, 5.1331
-5.1118, 5.1110
0.0035, 5.1429
5.1318, 5.1918
10.3068, 5.1417
15.4322, 5.1568
-15.4501, 10.2952
-10.3133, 10.3305
-5.1456, 10.2962
-0.0251, 10.2844
5.1647, 10.2849
10.3131, 10.2978
15.4579, 10.3070
-15.4587, 15.4447
-10.3014, 15.4632
-5.1018, 15.4674
-0.0262, 15.4944
5.1476, 15.4361
10.3025, 15.4489
