# Element positions: east, north (metres) from the station centre
-15.4527, -15.4448
-10.2852, -15.4472
-5.1536, -15.4727
-0.0078, -15.4938
5.1234, -15.4499
10.3058, -15.4323
15.4497, -15.4851
-15.4419, -10.2897
-10.3212, -10.2948
-5.1802, -10.3264
0.0002, -10.2911
5.1647, -10.2909
10.2930, -10.2926
15.4593, -10.3165
-15.4499, -5.1337
-10.2790, -5.1688
-5.1462, -5.1596
0.0101, -5.1323
5.1394, -5.1476
10.3027, -5.1423
15.4604, -5.1449
-15.4494, 0.0169
-10.3590, -0.0439
-5.1704, -0.0102
-0.0072, 0.0063
5.1382, -0.0186
10.2892, -0.0169
15.4542, 0.0175
-15.4407, 5.1628
-10.2874, 5.1461
-5.1872, 5.1237
-0.0144, 5.1601
5.1583, 5.1567
10.3203, 5.1402
15.4473, 5.1553
-15.4527, 10.2896
-10.3335, 10.3002
-5.1372, 10.2626
-0.0005, 10.3116
5.1628, 10.3119
10.2928, 10.3111
15.4650, 10.3143
-15.4594, 15.4551
-10.2963, 15.4422
-5.1651, 15.4627
-0.0218, 15.4672
5.1230, 15.4472
10.2990, 15.4412
