# Element positions: east, north (metres) from the station centre
-15.4786, -15.4191
-10.2909, -15.4389
-5.1590, -15.4278
0.0202, -15.4645
5.1705, -15.4642
10.2631, -15.4332
15.4302, -15.4610
-15.4687, -10.3015
-10.3072, -10.2968
-5.1406, -10.2674
0.0091, -10.2898
5.1598, -10.2837
10.3180, -10.2942
15.4268, -10.3191
-15.4443, -5.1563
-10.3082, -5.1604
-5.1644, -5.1281
0.0156, -5.1754
5.1538, -5.1504
10.2908, -5.1291
15.4564, -5.1485
-15.4671, 0.0190
-10.2950, 0.0057
-5.1638, 0.0299
-0.0618, -0.0278
5.1168, -0.0258
10.2795, -0.0101
15.4434, 0.0039
-15.4229, 5.1613
-10.2975, 5.1470
-5.1424, 5.1661
-0.0146, 5.1850
5.1497, 5.1671
10.2511, 5.1538
15.4422, 5.1772
-15.4297, 10.3064
-10.2874, 10.2938
-5.1681, 10.3229
-0.0240, 10.2895
5.1267, 10.2811
10.2918, 10.3167
15.4306, 10.3147
-15.4872, 15.4334
-10.3173, 15.4633
-5.1236, 15.4038
0.0014, 15.4824
5.1505, 15.4829
10.3231, 15.4557
