# Element positions: east, north (metres) from the station centre
-15.4498, -15.4612
-10.3231, -15.4404
-5.1701, -15.4737
0.0471, -15.4580
5.1530, -15.4387
10.3116, -15.4522
15.4599, -15.4520
-15.4591, -10.3054
-10.2880, -10.2866
-5.1416, -10.3300
-0.0045, -10.2901
5.1422, -10.2904
10.3022, -10.2767
15.4049, -10.2968
-15.4291, -5.1368
-10.3102, -5.1544
-5.1570, -5.1416
0.0145, -5.1615
5.1709, -5.1410
10.2589, -5.1576
15.4474, -5.1633
-15.4483, -0.0011
-10.3019, -0.0055
-5.1445, -0.0117
0.0107, -0.0350
5.1513, -0.0096
10.2924, 0.0055
15.4375, -0.0628
-15.4788, 5.1459
-10.3055, 5.1404
-5.1628, 5.1634
0.0001, 5.1294
5.1329, 5.1686
10.3020, 5.1571
15.4503, 5.1541
-15.4607, 10.2807
-10.3193, 10.2827
-5.1154, 10.3123
0.0010, 10.2978
5.1182, 10.3149
10.2658, 10.3201
15.4401, 10.2723
-15.4212, 15.4306
-10.3054, 15.4468
-5.1793, 15.4586
-0.0262, 15.4462
5.1276, 15.4811
10.3008, 15.4786
