# Element positions: east, north (metres) from the station centre
-15.4855, -15.4526
-10.3079, -15.4472
-5.1369, -15.4438
-0.0313, -15.4547
5.1474, -15.4510
10.3212, -15.4564
15.4374, -15.4533
-15.4494, -10.2861
-10.3343, -10.3271
-5.1516, -10.2815
-0.0011, -10.2953
5.1848, -10.2977
10.3058, -10.3008
15.4694, -10.2898
-15.4550, -5.1358
-10.2910, -5.1596
-5.1352, -5.1091
-0.0218, -5.1713
5.1478, -5.1540
10.3048, -5.1507
15.4532, -5.1275
-15.4244, -0.0416
-10.2891, 0.0006
-5.1392, 0.0011
0.0072, -0.0043
5.1372, -0.0032
10.3162, 0.0008
15.4486, 0.0250
-15.4328, 5.1325
-10.3158, 5.1466
-5.1403, 5.1707
-0.0339, 5.1766
5.1512, 5.1544
10.3166, 5.1556
15.4539, 5.1697
-15.4264, 10.2779
-10.3315, 10.2791
-5.1447, 10.2950
-0.0040, 10.2902
5.1332, 10.3106
10.2992, 10.3060
15.4607, 10.3294
-15.4077, 15.4384
-10.2743, 15.4537
-5.1412, 15.4726
-0.0116, 15.4475
5.1695, 15.4620
10.3363, 15.4625
