# Element positions: east, north (metres) from the station centre
-15.4418, -15.4212
-10.3120, -15.4446
-5.1265, -15.4319
-0.0067, -15.4274
5.1315, -15.4139
10.3031, -15.4523
15.4554, -15.4330
-15.4152, -10.3028
-10.3074, -10.2883
-5.1674, -10.3339
0.0167, -10.3076
5.1725, -10.3205
10.2421, -10.2943
15.4531, -10.2680
-15.4395, -5.1438
-10.2883, -5.1573
-5.1484, -5.1770
0.0104, -5.1661
5.1411, -5.1360
10.3183, -5.1701
15.4901, -5.1618
-15.4333, 0.0190
-10.2955, 0.0034
-5.1141, 0.0178
0.0089, -0.0365
5.1351, 0.0233
10.3039, -0.0191
15.4372, -0.0061
-15.4363, 5.1577
-10.2801, 5.1337
-5.1303, 5.1400
-0.0060, 5.1847
5.1515, 5.1472
10.2958, 5.1423
15.4812, 5.1775
-15.4357, 10.3037
-10.2791, 10.2984
-5.1409, 10.3080
0.0018, 10.3330
5.1851, 10.3265
10.2617, 10.3367
15.4640, 10.2910
-15.4505, 15.4728
-10.2765, 15.4671
-5.1472, 15.4507
0.0166, 15.4482
5.1320, 15.4375
10.2972, 15.4567
