# Element positions: east, north (metres) from the station centre
-15.4369, -15.4583
-10.2888, -15.4714
-5.1523, -15.4851
0.0283, -15.4756
5.1322, -15.4165
10.3195, -15.4710
15.4685, -15.3950
-15.4440, -10.3188
-10.3120, -10.2653
-5.1604, -10.3163
0.0506, -10.3335
5.1336, -10.3340
10.2860, -10.3097
15.4593, -10.3296
-15.4364, -5.1626
-10.2714, -5.1616
-5.1499, -5.1885
-0.0367, -5.1394
5.1912, -5.1837
10.2942, -5.1542
15.4507, -5.1368
-15.4376, 0.0151
-10.3515, -0.0317
-5.1063, 0.0248
-0.0344, -0.0105
5.1588, -0.0165
10.2903, -0.0316
15.4283, 0.0400
-15.4478, 5.1480
-10.2879, 5.1343
-5.1433, 5.1482
0.0132, 5.1300
5.1462, 5.1729
10.3107, 5.1317
15.4101, 5.1614
-15.4424, 10.2881
-10.3202, 10.2985
-5.1452, 10.3125
0.0092, 10.3078
5.1365, 10.3072
10.2986, 10.2913
15.4533, 10.3510
-15.4615, 15.4445
-10.2984, 15.4467
-5.1537, 15.4603
-0.0191, 15.4618
5.1702, 15.4382
10.3406, 15.4202
