# Element positions: east, north (metres) from the station centre
-15.4534, -15.4467
-10.2779, -15.4431
-5.1564, -15.4370
0.0079, -15.4490
5.1597, -15.4295
10.3026, -15.4280
15.4496, -15.4579
-15.4733, -10.3243
-10.2471, -10.3361
-5.1477, -10.2945
-0.0149, -10.3201
5.1723, -10.3150
10.3013, -10.3027
15.4369, -10.2975
-15.4468, -5.1430
-10.2812, -5.1567
-5.1400, -5.1830
0.0061, -5.1659
5.1525, -5.1719
10.3277, -5.1621
15.4897, -5.1797
-15.4617, 0.0147
-10.2622, 0.0007
-5.1589, -0.0081
-0.0344, -0.0333
5.2048, -0.0276
10.2921, 0.0130
15.4611, 0.0002
-15.4513, 5.1781
-10.2540, 5.1518
-5.1736, 5.1183
-0.0052, 5.1738
5.1583, 5.1450
10.3100, 5.1554
15.4536, 5.1620
-15.4385, 10.3023
-10.3163, 10.3065
-5.1723, 10.3078
-0.0070, 10.2746
5.1973, 10.2912
10.3195, 10.2856
15.4509, 10.3219
-15.4740, 15.4513
-10.2723, 15.4390
-5.1395, 15.4455
-0.0100, 15.4379
5.1518, 15.4502
10.2912, 15.4593
