# Element positions: east, north (metres) from the station centre
-15.4734, -15.4202
-10.3063, -15.4563
-5.1403, -15.4823
-0.0043, -15.4384
5.1455, -15.4969
10.3034, -15.4324
15.4241, -15.4046
-15.4463, -10.2988
-10.2908, -10.2797
-5.1447, -10.3012
0.0072, -10.3233
5.1898, -10.3328
10.2970, -10.3149
15.4526, -10.3016
-15.4294, -5.1516
-10.3052, -5.1089
-5.1697, -5.1498
-0.0071, -5.1304
5.1503, -5.1258
10.2856, -5.1439
15.4615, -5.1496
-15.4439, -0.0308
-10.2899, -0.0052
-5.1126, -0.0186
-0.0292, 0.0402
5.1885, -0.0039
10.2621, -0.0142
15.4560, 0.0088
-15.4302, 5.1736
-10.2873, 5.1467
-5.1228, 5.1815
0.0075, 5.1428
5.1658, 5.1534
10.2996, 5.1524
15.4732, 5.1801
-15.4297, 10.3086
-10.3066, 10.2690
-5.1539, 10.3100
-0.0169, 10.3085
5.1342, 10.3053
10.2465, 10.3084
15.4644, 10.3007
-15.4363, 15.4309
-10.2983, 15.4421
-5.1486, 15.4499
0.0034, 15.4354
5.1414, 15.4149
10.2952, 15.4005
