# Element positions: east, north (metres) from the station centre
-15.4252, -15.4541
-10.3393, -15.4477
-5.1469, -15.4758
-0.0121, -15.4391
5.1782, -15.4272
10.3245, -15.4276
15.4003, -15.4645
-15.4463, -10.3538
-10.2846, -10.2822
-5.1655, -10.3076
-0.0188, -10.3004
5.1492, -10.3001
10.2796, -10.2923
15.4432, -10.2810
-15.4437, -5.1797
-10.3289, -5.1486
-5.1597, -5.1406
0.0161, -5.1496
5.1163, -5.1739
10.3114, -5.1710
15.4722, -5.1518
-15.4396, -0.0177
-10.3020, -0.0592
-5.1542, 0.0115
-0.0179, -0.0169
5.1489, 0.0013
10.2838, 0.0135
15.4171, 0.0223
-15.4781, 5.1335
-10.2734, 5.1301
-5.1831, 5.1515
-0.0184, 5.1277
5.1360, 5.1351
10.2805, 5.1294
15.4822, 5.1366
-15.4306, 10.2719
-10.2891, 10.2750
-5.1592, 10.3127
-0.0106, 10.2607
5.1390, 10.2968
10.3115, 10.2800
15.4440, 10.3013
-15.4830, 15.4479
-10.3166, 15.4588
-5.1522, 15.4467
-0.0483, 15.4478
5.1426, 15.4311
10.2898, 15.4247
