# Station positions: east, north (metres) from the centre
315.971, -449.980
-41.745, 1310.248
-1003.084, 329.472
291.702, -1175.157
452.278, 81.419
-1250.755, 562.213
1309.515, 17.329
-178.056, -985.098
675.434, -241.874
1397.928, 272.044
-231.222, -61.560
-1067.161, 987.043
-616.171, 328.149
45.227, 251.588
-992.253, 26.115
86.851, 718.955
-679.131, 176.176
800.121, 108.697
-1287.328, -476.799
471.141, 1105.979
952.178, -1151.773
-258.956, 452.708
-307.607, -1236.413
-1281.147, 682.388
-17494.972, -31968.470
-18779.160, -11520.971
21354.147, -30918.713
-24102.090, -15084.540
338.922, 7424.720
-30666.186, 18314.798
-15861.712, -5021.747
-15322.855, -29834.131
-22706.468, 9161.939
5070.016, -28067.371
-22616.745, 17943.921
27509.349, 5171.588
-2408.496, -7986.164
-33056.213, -21917.735
12041.334, 22017.397
28167.950, -3185.635
-76566.528, -19462.893
9329.076, 82953.695
61654.396, -18981.199
-66168.458, 17374.495
-44595.295, -13871.678
87992.445, 3157.777
34142.569, -71985.362
-5052.346, -84572.622
