# Element positions: east, north (metres) from the station centre
-15.4470, -15.4518
-10.2819, -15.4266
-5.1317, -15.4431
0.0153, -15.4337
5.1733, -15.4867
10.3069, -15.4484
15.4532, -15.4550
-15.4515, -10.2901
-10.2960, -10.2974
-5.1715, -10.3251
-0.0150, -10.3357
5.1397, -10.3170
10.2641, -10.3388
15.4406, -10.3116
-15.4065, -5.1327
-10.3156, -5.1600
-5.1702, -5.1658
-0.0070, -5.1510
5.1375, -5.1336
10.3129, -5.1109
15.4238, -5.1365
-15.4575, -0.0321
-10.3060, -0.0329
-5.1505, 0.0547
0.0261, 0.0364
5.1739, -0.0310
10.3083, 0.0028
15.4587, -0.0208
-15.4896, 5.1921
-10.2762, 5.1561
-5.1598, 5.1537
-0.0248, 5.1692
5.1533, 5.1470
10.2914, 5.1487
15.4526, 5.1420
-15.4308, 10.3042
-10.3019, 10.2828
-5.1256, 10.3259
0.0138, 10.2631
5.1430, 10.3198
10.3007, 10.3255
15.4412, 10.3159
-15.4395, 15.4011
-10.3081, 15.4453
-5.1625, 15.4321
0.0318, 15.4476
5.1658, 15.4232
10.2584, 15.4405
