# Element positions: east, north (metres) from the station centre
-15.4545, -15.4810
-10.2778, -15.4633
-5.1528, -15.4598
0.0046, -15.4547
5.1424, -15.4561
10.3040, -15.4198
15.4273, -15.4297
-15.4483, -10.2912
-10.3136, -10.2805
-5.1353, -10.3373
-0.0345, -10.2669
5.1382, -10.3049
10.2698, -10.3007
15.4508, -10.3101
-15.4249, -5.1544
-10.2836, -5.1495
-5.1467, -5.1558
-0.0114, -5.1221
5.1722, -5.1272
10.2866, -5.1584
15.4529, -5.1572
-15.4381, 0.0319
-10.3112, -0.0084
-5.1803, 0.0243
0.0034, 0.0065
5.1365, 0.0001
10.2938, -0.0137
15.4603, 0.0256
-15.4256, 5.1437
-10.2396, 5.1370
-5.1497, 5.1239
-0.0056, 5.1558
5.1376, 5.1478
10.2805, 5.1413
15.4255, 5.1408
-15.4926, 10.2831
-10.3094, 10.2967
-5.1254, 10.2781
-0.0146, 10.3160
5.1316, 10.2924
10.2657, 10.2380
15.4923, 10.3144
-15.4102, 15.4475
-10.3287, 15.4567
-5.1689, 15.4540
0.0074, 15.4611
5.1339, 15.4523
10.3071, 15.4765
