# Element positions: east, north (metres) from the station centre
-15.4593, -15.4501
-10.2706, -15.4481
-5.1296, -15.4226
-0.0112, -15.4581
5.1771, -15.4376
10.3301, -15.4025
15.4323, -15.4515
-15.4407, -10.3261
-10.3192, -10.3296
-5.1557, -10.2982
0.0332, -10.2481
5.1469, -10.3031
10.3057, -10.2924
15.4488, -10.2709
-15.4266, -5.1615
-10.3452, -5.1497
-5.1209, -5.1186
-0.0092, -5.1615
5.1514, -5.1623
10.2814, -5.1621
15.4867, -5.1206
-15.4436, 0.0180
-10.3104, -0.0120
-5.1360, 0.0095
-0.0259, 0.0254
5.1066, -0.0126
10.3240, 0.0288
15.5069, -0.0051
-15.4528, 5.1588
-10.2981, 5.1285
-5.1558, 5.1430
0.0196, 5.1455
5.1524, 5.1495
10.2939, 5.1717
15.4407, 5.1600
-15.4250, 10.2969
-10.2777, 10.2906
-5.1435, 10.2721
0.0201, 10.3236
5.1495, 10.2682
10.2937, 10.3003
15.4754, 10.2539
-15.4446, 15.4524
-10.3297, 15.4636
-5.1851, 15.4616
0.0196, 15.4316
5.1286, 15.4308
10.2907, 15.4598
