# Element positions: east, north (metres) from the station centre
-15.4280, -15.4774
-10.3038, -15.4577
-5.1729, -15.4310
-0.0065, -15.4271
5.1582, -15.4556
10.3057, -15.4575
15.4172, -15.4216
-15.4427, -10.2769
-10.3362, -10.2791
-5.1335, -10.3008
-0.0424, -10.2980
5.1366, -10.3039
10.3011, -10.3181
15.4474, -10.2998
-15.4208, -5.1520
-10.2530, -5.1737
-5.1527, -5.1252
-0.0314, -5.1376
5.1579, -5.1620
10.2952, -5.1191
15.4410, -5.1444
-15.4414, 0.0242
-10.3413, -0.0294
-5.1768, -0.0056
0.0123, 0.0166
5.1443, 0.0303
10.2985, 0.0138
15.4348, 0.0167
-15.4644, 5.1732
-10.2827, 5.1874
-5.1585, 5.1268
0.0166, 5.1563
5.1394, 5.1232
10.3160, 5.1110
15.4407, 5.1714
-15.4550, 10.3092
-10.2902, 10.3119
-5.1288, 10.3131
-0.0075, 10.2754
5.1443, 10.2869
10.3081, 10.3246
15.4657, 10.2861
-15.4460, 15.4501
-10.3094, 15.4760
-5.1377, 15.4572
-0.0245, 15.3974
5.1353, 15.4728
10.2957, 15.4495
