# Element positions: east, north (metres) from the station centre
-15.4336, -15.4462
-10.2964, -15.4648
-5.1602, -15.4637
0.0121, -15.4366
5.1430, -15.4354
10.2834, -15.4084
15.4291, -15.4606
-15.4515, -10.2835
-10.2945, -10.3172
-5.1383, -10.2841
-0.0220, -10.3421
5.1616, -10.3203
10.3204, -10.2637
15.4756, -10.2935
-15.4328, -5.1531
-10.3169, -5.1524
-5.1583, -5.1451
-0.0230, -5.1709
5.1520, -5.1479
10.3010, -5.1313
15.4211, -5.1374
-15.4551, -0.0007
-10.2785, 0.0026
-5.1322, 0.0317
-0.0009, -0.0361
5.1398, -0.0092
10.3043, -0.0160
15.4529, 0.0048
-15.4885, 5.1817
-10.3118, 5.1231
-5.1656, 5.1647
0.0624, 5.1102
5.1366, 5.1730
10.2866, 5.1511
15.4414, 5.1494
-15.4442, 10.2805
-10.3197, 10.2713
-5.1456, 10.3484
0.0230, 10.2981
5.1757, 10.3125
10.2939, 10.2874
15.4528, 10.2840
-15.4505, 15.4584
-10.3246, 15.4272
-5.1559, 15.4340
-0.0020, 15.4564
5.1569, 15.4637
10.3015, 15.4557
