# Element positions: east, north (metres) from the station centre
-15.4551, -15.3992
-10.3093, -15.4741
-5.1268, -15.4303
-0.0225, -15.4675
5.1327, -15.4925
10.2740, -15.4411
15.4238, -15.4550
-15.4555, -10.3117
-10.2907, -10.2966
-5.1255, -10.2933
-0.0119, -10.2670
5.1560, -10.2903
10.3058, -10.3065
15.4316, -10.2756
-15.4645, -5.1560
-10.2826, -5.1303
-5.1495, -5.1106
-0.0043, -5.1037
5.1772, -5.1463
10.2954, -5.1278
15.4165, -5.1359
-15.4365, 0.0314
-10.2722, 0.0060
-5.1405, -0.0190
0.0109, -0.0152
5.1231, 0.0348
10.3352, -0.0021
15.4561, 0.0474
-15.4767, 5.1801
-10.3061, 5.1626
-5.1515, 5.1806
0.0241, 5.1469
5.1738, 5.1690
10.3280, 5.1292
15.4673, 5.1502
-15.4448, 10.2693
-10.2573, 10.2989
-5.1409, 10.2708
-0.0039, 10.3036
5.1525, 10.2780
10.3070, 10.2920
15.4680, 10.2775
-15.4265, 15.4296
-10.3222, 15.4594
-5.1379, 15.4586
-0.0112, 15.4443
5.1319, 15.4723
10.2649, 15.4262
