# Element positions: east, north (metres) from the station centre
-15.4419, -15.4645
-10.2894, -15.4340
-5.1590, -15.4512
-0.0148, -15.4284
5.1854, -15.4401
10.2899, -15.4641
15.4444, -15.4322
-15.4651, -10.2704
-10.3244, -10.3002
-5.1237, -10.2643
-0.0081, -10.2842
5.2006, -10.2766
10.2562, -10.2944
15.4975, -10.3232
-15.4317, -5.1918
-10.2682, -5.1669
-5.1338, -5.1318
-0.0556, -5.1786
5.1566, -5.1805
10.2996, -5.1689
15.4769, -5.1602
-15.4683, 0.0128
-10.2755, -0.0031
-5.1444, 0.0099
-0.0099, -0.0238
5.1606, -0.0071
10.2726, 0.0171
15.4587, 0.0028
-15.4651, 5.1455
-10.2878, 5.1597
-5.1665, 5.1320
0.0068, 5.1537
5.1670, 5.1268
10.3184, 5.1853
15.4690, 5.1526
-15.4319, 10.2743
-10.3089, 10.3412
-5.1827, 10.2768
0.0165, 10.2869
5.1387, 10.2776
10.3336, 10.2878
15.4444, 10.2637
-15.4346, 15.4498
-10.2900, 15.4816
-5.1469, 15.4262
-0.0203, 15.4516
5.1764, 15.4260
10.2951, 15.4471
