# Element positions: east, north (metres) from the station centre
-15.4553, -15.4404
-10.3002, -15.4157
-5.1524, -15.4553
0.0284, -15.4350
5.1639, -15.4395
10.2992, -15.4437
15.4607, -15.4479
-15.4876, -10.2725
-10.3096, -10.3114
-5.1568, -10.3145
-0.0175, -10.3017
5.1677, -10.3059
10.3095, -10.3270
15.4651, -10.3227
-15.4360, -5.1648
-10.3120, -5.1751
-5.1754, -5.1545
-0.0195, -5.1545
5.1727, -5.1669
10.2937, -5.1520
15.4376, -5.1507
-15.4453, 0.0208
-10.3146, -0.0043
-5.1532, 0.0244
-0.0200, 0.0034
5.1654, 0.0117
10.2858, -0.0207
15.4130, -0.0107
-15.4551, 5.1200
-10.2831, 5.1533
-5.1548, 5.1394
0.0095, 5.1443
5.1601, 5.1404
10.3211, 5.1174
15.4286, 5.1860
-15.4291, 10.3328
-10.3159, 10.3146
-5.1300, 10.3183
-0.0037, 10.3294
5.1583, 10.2741
10.3493, 10.3025
15.4751, 10.2861
-15.4687, 15.4676
-10.2836, 15.4351
-5.1451, 15.4234
-0.0411, 15.4718
5.1271, 15.4648
10.3213, 15.4574
