# Element positions: east, north (metres) from the station centre
-15.4577, -15.4130
-10.2878, -15.4425
-5.1623, -15.4437
0.0121, -15.4699
5.1625, -15.4449
10.2945, -15.4663
15.4458, -15.4369
-15.4164, -10.2974
-10.3068, -10.2867
-5.1313, -10.2854
-0.0034, -10.3484
5.1534, -10.3015
10.2770, -10.2994
15.4299, -10.3064
-15.4259, -5.1618
-10.3472, -5.1299
-5.1525, -5.1503
-0.0362, -5.1871
5.1424, -5.1610
10.3028, -5.1546
15.4562, -5.1588
-15.4432, -0.0105
-10.2908, 0.0121
-5.1807, -0.0008
-0.0077, -0.0006
5.1861, -0.0125
10.2963, 0.0041
15.4067, 0.0277
-15.4383, 5.1465
-10.2821, 5.2019
-5.1663, 5.1762
0.0337, 5.1339
5.1592, 5.1240
10.3052, 5.1363
15.4614, 5.1422
-15.4255, 10.3240
-10.2663, 10.2982
-5.1562, 10.2940
-0.0123, 10.2978
5.1301, 10.2948
10.3159, 10.3193
15.4582, 10.2694
-15.4201, 15.4862
-10.2828, 15.4422
-5.1371, 15.4482
-0.0311, 15.4725
5.1672, 15.4603
10.3138, 15.4508
